$ANSIBLE_VAULT;1.1;AES256
62396561326266633933306335346335663638303532663131343064663338383137346265356531
6638323861613065613530396366393834323434663239610a353838316666356161646331393864
31663566656335306239396634313866656533626461303136306366356336646461626137383764
3435373739616265380a653635323334313435383335363064333939353131623132643138336665
63643436636164336337303135323236333634313036306536303262356430376165353436363330
38323161613061643033353462653665383038353266356231383766356564313361316236643331
38346130626566613265653165383638323062396665656464353639356636323334356639643965
31623565353833313632663362383230366333613332623634393563383061343232316134363330
35323438663433333233656138623063343230646531643030626337646163393439313466396565
64363936666335346633366133356335633161333166666161303133343131623934353138396238
61396231653231353435346565363239623434363531303565613235396430306539653737663035
64386363326233353164393239376233346666313663383532663334326165383038353861336630
37336262663035303463646331633934343332623665653230343233396233353435
