$ANSIBLE_VAULT;1.1;AES256
36646462343465326163666163383034306630303931396431396163346662343166613933623333
3830316165333565616333306465666537363836643132310a336232663666343238326639646438
30663837366262366135636339663135623561643832343236363030643437643232323263373239
6364386635396435640a616266333461306665396163313134366264356661363132616662313534
65343435356637653534663030636164343261626531373338326337656332383839663364343262
31303838636331373630653066323038643563636263613236363731313266316533653663316235
66333031636537663034626636666130363031343039303632326139653761636631666136653237
39346139343736363435643936373535393066303065383562326337336439336364326538383466
33336633323433346334646534653264656135376130633732626135343661383031333539373634
39396432613865356366393466373963346533356463313933376635636535346434303233303335
30616162356130633135356264396462306361626237346465373932316539383230343064633736
66356331396366303663326365336261663737626334373134313466666566333937316264653436
65623135663065323430396561653133643262623563646162336662373865346330666463323164
63383834386537653764306634326463356266313864306263343838653733646432346262303337
383261386438363037393936623563633062
